presynaptic_ID
720575940645669940
720575940650403449
720575940613994898
720575940615702621
720575940619393349
720575940620941703
720575940630271336
720575940623948432
720575940611778290
720575940628951036
720575940623458428
720575940626917635
720575940631717906
720575940607228629
720575940636051551
720575940632527524
720575940627231290
720575940631681095
720575940630697124
720575940652626934
720575940629349826
720575940624467644
720575940643572334
720575940626684689
720575940637571812
720575940637238373
720575940622206442
720575940610952982
720575940628423592
720575940621314440
720575940629277289
720575940613120741
720575940638341353
720575940628857604
720575940607787138
720575940625303788
720575940635149466
720575940638318399
720575940614779026
720575940613127574
720575940636071519
720575940627273274
720575940624769771
720575940621526655
720575940634360546
720575940632460077
720575940620916389
720575940622286669
720575940630012923
720575940604191456
720575940632213933
720575940625483322
720575940626192771
720575940616085917
720575940621337025
720575940639404605
720575940620210014
720575940631544082
720575940625223954
720575940619471440
720575940632406543
720575940630379884
720575940632232418
720575940636275124
720575940630407751
720575940618358838
720575940637977149
720575940623666320
720575940629098878
720575940620159960
720575940621096686
720575940621308912
720575940610674090
720575940628892432
720575940630588101
720575940616367133
720575940611524835
720575940617029009
720575940627216484
720575940625273118
720575940619619510
720575940608810798
720575940634024303
720575940618728606
720575940630440007
720575940615088034
720575940611216867
720575940625817768
720575940618931229
720575940618795099
720575940616095259
720575940609758217
720575940646413108
720575940635889015
720575940628290618
720575940628177738
720575940623820523
720575940620298754
720575940622468681
720575940641105883
720575940636988813
720575940626525982
720575940619780731
720575940629090048
720575940625428368
720575940636050271
720575940615649366
720575940620525076
720575940633827996
720575940627088330
720575940620960020
720575940624689610
720575940610438898
720575940603200428
720575940624328167
720575940636037983
720575940637431110
720575940610533582
720575940639131876
720575940621407470
720575940624161171
720575940619519061
720575940632396444
720575940626298364
720575940630201206
