presynaptic_ID
720575940628748816
720575940625577912
720575940634769562
720575940623210933
720575940614570705
720575940614968938
720575940645078984
720575940624402761
720575940625410441
720575940628877161
720575940627395345
720575940638557406
720575940635864176
720575940655608481
720575940636136799
720575940637228206
720575940624864263
720575940613919135
720575940632094824
720575940635825144
720575940631608315
720575940631083215
720575940620857776
720575940608309771
720575940617620509
720575940618710813
720575940627053329
720575940629070339
720575940631593297
720575940633468385
720575940616553541
720575940620415568
720575940640879779
720575940606721801
720575940627611517
720575940611685489
720575940627963978
720575940621756336
720575940613638290
720575940627764350
720575940646433076
720575940635757168
720575940632606509
720575940606398240
720575940620233899
720575940626436733
720575940633839796
720575940620133243
720575940610740394
720575940645309988
720575940619308653
720575940623627460
720575940609312860
720575940626861712
