presynaptic_ID
720575940612855219
720575940629042639
720575940631103007
720575940608553155
720575940613709983
720575940622954189
720575940619265140
720575940617882342
720575940630000399
720575940605478321
720575940620922644
720575940632811112
720575940630201851
720575940627177491
720575940623160614
720575940622622502
720575940631726440
720575940620139781
720575940613508210
720575940620811892
720575940618392157
720575940624940675
720575940628359223
720575940616748096
720575940614989107
720575940644391112
720575940620183066
720575940615811807
720575940610979590
720575940626971560
720575940634215393
720575940636425870
720575940628273468
720575940623942408
720575940617817693
720575940630919763
720575940614426595
720575940603042272
720575940641108699
720575940625269822
720575940637746493
720575940637643950
720575940629426450
720575940622490381
720575940623571555
720575940647995769
720575940640503640
720575940623946851
720575940633953965
720575940630446970
720575940616046348
720575940621447350
720575940639546933
720575940618389054
720575940631162410
720575940633476141
720575940622747772
720575940626100238
720575940639311488
720575940637201461
720575940604255712
720575940611704689
720575940638312006
720575940637161013
720575940633872865
720575940621585276
720575940634728043
720575940644950216
720575940625478458
720575940607385283
720575940613676975
720575940629170220
720575940620462177
720575940612162227
720575940640212413
720575940633004359
720575940648422532
720575940622930019
720575940620343000
720575940614935249
720575940620655854
720575940644639904
720575940619333701
720575940629129679
720575940622893150
720575940612556438
720575940618364325
720575940616848140
720575940626852201
720575940646215022
720575940611352469
720575940611361378
720575940625724618
720575940632856289
720575940621189358
720575940611838577
720575940633138330
720575940613102053
720575940611780450
720575940624322341
720575940611551857
720575940644342688
720575940625153836
720575940636293739
720575940625276958
720575940613700305
720575940614503285
720575940626607110
720575940634569442
720575940644510574
720575940628589032
720575940636481513
720575940613616559
720575940647860532
720575940627176566
720575940628437776
720575940626064456
720575940635540887
720575940632769678
720575940621263014
720575940605581024
720575940622838408
720575940621643132
720575940641202640
720575940632155922
720575940632034724
720575940622864169
720575940625547909
720575940620101870
720575940628544828
720575940631682003
720575940626026005
720575940625225085
720575940612352114
720575940643862324
720575940611625238
720575940630845348
720575940626175619
720575940627167253
720575940614212258
720575940629104377
720575940621710831
720575940625653652
720575940621528703
720575940621194405
720575940634440858
720575940618311892
720575940617213557
720575940614850088
720575940611686513
720575940632164044
720575940613956242
