presynaptic_ID
720575940621321608
720575940622718344
720575940616083212
720575940655096481
720575940630697576
720575940636169705
720575940622933444
720575940616176852
720575940615908353
720575940626666312
720575940622780118
720575940627928698
720575940650482041
720575940627009598
720575940635896255
720575940614026280
720575940633711540
720575940622821590
720575940610739882
720575940627082329
720575940624950676
720575940640143192
720575940639223203
720575940626772666
720575940615261235
720575940627632259
