presynaptic_ID
720575940630146668
720575940636894022
720575940639258200
720575940643266583
720575940616304925
720575940637471054
720575940621647996
720575940621505718
720575940622913285
720575940616572992
720575940631679530
720575940618786205
720575940636028261
720575940628087913
720575940640562749
720575940632717359
720575940624177900
720575940625800209
720575940631147484
720575940629377551
720575940619513925
720575940633027539
720575940617839832
720575940624086408
720575940637930926
720575940618826314
720575940637651034
720575940636962138
720575940619944360
720575940630567698
720575940603327916
720575940604947657
720575940624217528
720575940624185904
720575940615590034
720575940616893638
720575940610418296
720575940625840146
720575940625383944
720575940619967435
720575940619624374
720575940623604149
720575940633074783
720575940627160143
720575940626425219
720575940620115541
720575940632700256
720575940629855964
720575940629866434
720575940621548543
720575940621699521
720575940610277956
720575940616111221
720575940624785934
720575940614047500
720575940627116318
720575940639022911
720575940614750870
720575940623887128
720575940631758423
720575940606042814
720575940630034243
720575940631440697
720575940630193255
720575940637230766
720575940625568010
720575940615266866
720575940625981327
720575940631865874
720575940631369078
720575940633345375
720575940620605776
720575940622263815
720575940620780270
720575940631668475
720575940640250496
720575940630171207
720575940624733769
720575940612523669
720575940628444688
720575940636151032
720575940648026756
720575940624374013
720575940629180422
720575940617320331
720575940625666488
720575940621252451
720575940612031694
720575940621723283
720575940636102042
720575940614104774
720575940623221774
720575940624654570
720575940632807359
720575940631016275
720575940645541252
720575940638827984
720575940626252303
720575940628576335
720575940617637204
720575940620552973
720575940621269696
720575940646369588
720575940624628420
720575940618860445
720575940614448059
720575940606665564
720575940623566472
720575940629040714
720575940623738365
720575940616168276
720575940617509716
720575940639421016
720575940626888720
720575940621491226
720575940621003457
720575940614545851
720575940633076691
720575940612109619
720575940624136485
720575940627733447
720575940637106573
720575940640355213
720575940622304895
720575940631539397
720575940635506528
720575940610177941
720575940627864305
720575940623328184
720575940617037969
720575940617236923
720575940615912916
720575940622000993
720575940625474106
720575940614924946
720575940634823822
720575940637228341
720575940646428980
720575940632107033
720575940638990911
720575940629500265
720575940631284342
720575940609453010
720575940626812222
720575940609925589
720575940634907161
720575940632787816
720575940618739136
720575940619213771
720575940631379512
720575940631432901
720575940629763663
720575940629077191
720575940630767631
720575940632845463
720575940617449506
720575940650510838
720575940655611553
720575940609555406
720575940619962422
720575940615658407
720575940610580578
720575940651887094
720575940629545803
720575940623530032
720575940629504105
720575940613416744
720575940627344783
720575940605215665
720575940612410481
720575940618697506
720575940608157635
720575940637885043
720575940630294902
720575940606944898
720575940606333385
720575940627757208
720575940621181424
720575940612393000
720575940629703724
720575940626900086
720575940610952198
720575940620500801
720575940632113439
720575940634766699
720575940628314643
720575940616496102
720575940619624630
720575940630386060
720575940619977087
720575940621959185
720575940619905919
720575940620826900
720575940625614101
720575940627476040
720575940628107881
720575940615240103
720575940626644496
720575940630964551
720575940643285645
720575940634689561
720575940622697992
720575940625496720
720575940632433052
720575940627189622
720575940610316664
720575940622977791
720575940636890224
720575940610772174
720575940631102509
720575940644945352
720575940617246395
720575940627080945
720575940608927534
720575940624234644
720575940630299276
720575940618156702
720575940628196908
720575940629287034
720575940628439356
720575940606712777
720575940632378695
720575940604687532
720575940629714999
720575940631116586
720575940627669239
720575940622033110
720575940617027257
720575940632194221
720575940630944505
720575940611126648
720575940629829275
720575940616558405
720575940629262922
720575940630055272
720575940629485041
720575940627539653
720575940606476478
720575940604151008
720575940623877828
720575940609063800
720575940614518678
720575940623989247
720575940641151284
720575940630142265
720575940610578786
720575940640672501
720575940625924995
720575940621269603
720575940627113162
720575940626104648
720575940621902674
720575940630011961
720575940626222681
720575940613857251
720575940630827339
720575940640572733
720575940618420278
720575940637177054
720575940637260133
720575940634589922
720575940611489746
720575940615279419
720575940627970122
720575940629418110
720575940630505297
720575940615658713
720575940630046736
720575940610695338
720575940628729617
720575940612562525
720575940631644719
720575940612334810
720575940626085264
720575940626697609
720575940630416766
720575940621659046
720575940625061885
720575940614486782
720575940630542663
720575940606654386
720575940628157595
720575940626810442
720575940618902811
720575940611054798
720575940632443804
720575940635689626
720575940633149324
720575940615420358
720575940617076258
720575940628637672
720575940622617736
720575940629678124
720575940611884773
720575940618338260
720575940618013745
720575940626290172
720575940625448394
720575940614607912
720575940618491038
720575940607730780
720575940610903854
720575940630508495
720575940635225495
720575940626850678
720575940612727550
720575940631894753
720575940621454427
720575940633731832
720575940609463620
720575940643929800
720575940623628105
720575940628618920
720575940621683973
720575940618490782
720575940615836450
720575940610934340
720575940618148766
720575940609667083
720575940611362965
720575940643285389
720575940648557689
720575940611667154
720575940610953478
720575940621304229
720575940634724453
720575940616097653
720575940625774631
720575940611882725
720575940619997121
720575940627763582
720575940643527112
720575940638102384
720575940633611883
720575940627723416
720575940606057900
720575940644093719
720575940620859574
720575940605262880
720575940617578267
720575940626235644
720575940616787061
720575940610007598
720575940608211780
720575940614650163
720575940630787599
720575940632055912
720575940611751347
720575940608278281
720575940612944298
720575940619121713
720575940613073918
720575940619899294
