postsynaptic_ID
720575940604142453
720575940603526005
720575940631438696
720575940623627411
720575940636510053
720575940627534613
720575940632736101
720575940620593323
720575940624193255
720575940632720485
720575940613619090
720575940645532980
720575940622300810
720575940623296147
720575940619182507
720575940613712109
720575940631481012
720575940628128842
720575940639032910
720575940617847454
720575940624018675
720575940630511557
720575940631725880
720575940636936282
720575940611805589
720575940626694599
720575940614701836
720575940630175488
720575940617416660
720575940630381007
720575940629338011
720575940640066382
720575940632922835
720575940617644171
720575940623801272
720575940634999231
720575940616209494
720575940636650382
720575940622128161
720575940614620381
720575940629660239
720575940615017951
720575940612702105
720575940634124057
720575940605674417
720575940623384968
720575940613305640
720575940626791468
720575940622079434
720575940619966087
720575940642945844
720575940616008350
720575940628921162
720575940626097189
720575940626482840
720575940622943314
720575940636515429
720575940621828488
720575940630151996
720575940614413218
720575940646795299
720575940626791293
720575940620765793
720575940611861427
720575940620575067
720575940654955937
720575940621843382
720575940627479016
720575940620747553
720575940631687471
720575940632067665
720575940623970231
720575940626782151
720575940610637266
720575940641656116
720575940615132738
720575940623460292
720575940653694881
720575940625009131
720575940631730427
720575940625439560
720575940625929609
720575940617483094
720575940631054649
720575940612318065
720575940618502841
720575940620069712
720575940617342169
720575940632429416
720575940628122186
720575940605751008
720575940616518612
720575940622780543
720575940625113597
720575940627214504
720575940612082090
720575940640090752
720575940639999989
720575940629913655
720575940621130356
720575940627702012
720575940624648124
720575940632070284
720575940615078831
720575940616890897
720575940628456976
720575940617646265
720575940616191861
720575940638747251
720575940629624058
720575940635491982
720575940617005639
720575940604622453
720575940636153486
720575940610633682
720575940633378274
720575940615779807
720575940615473002
720575940626947271
720575940641272309
720575940635542452
720575940608408282
720575940612105690
720575940627541736
720575940638331974
720575940630105106
720575940632643245
720575940606071217
720575940620384848
720575940623245706
720575940624187389
720575940628126449
720575940630834316
720575940631514179
720575940630852623
720575940633648153
720575940630365689
720575940620935444
720575940640894883
720575940643774368
720575940614709446
720575940626647464
720575940617390910
720575940623100906
720575940632378828
720575940618979402
720575940630147781
720575940618517794
720575940629660919
720575940629929925
720575940621674061
720575940634089116
720575940626760211
720575940627115038
720575940621674367
720575940629211756
720575940615720350
720575940617665885
720575940617397433
720575940627230750
720575940619437515
720575940624822503
720575940645627927
720575940624858126
720575940628468552
720575940632393529
720575940627834311
720575940622787683
720575940622089181
720575940630026770
720575940619146910
720575940629210292
720575940621625953
720575940617971217
720575940626840775
720575940639681341
720575940637247322
720575940618264404
720575940627772815
720575940609832387
720575940621181678
720575940617241437
720575940624659092
720575940644506135
720575940626876291
720575940641410011
720575940621351151
720575940618056005
720575940628121874
720575940635223397
720575940634279160
720575940630988113
720575940628105488
720575940624685204
720575940632280680
720575940612648818
720575940607814665
720575940616402873
720575940637379550
720575940624565006
720575940628099130
720575940630086394
720575940611415362
720575940624663303
720575940603563893
720575940606539465
720575940624854798
720575940633805267
720575940646180228
720575940628142086
720575940612669849
720575940624598771
720575940605206752
720575940637645790
720575940621780001
720575940614241439
720575940633293599
720575940626251308
720575940626534404
720575940614821630
720575940621618209
720575940615229346
720575940636315022
720575940633583187
720575940618331456
720575940639511504
720575940646791715
720575940647362436
720575940627479326
720575940638498877
720575940637991401
720575940622196001
720575940638646874
720575940630086138
720575940630469699
720575940638730805
720575940612289689
720575940606236337
720575940620903856
720575940641647668
720575940632079540
720575940627518468
720575940627963525
720575940628180617
720575940621237686
720575940633790745
720575940615731131
720575940630700684
720575940616788573
720575940612237285
720575940621060278
720575940616224414
720575940629707628
720575940612316313
720575940640032088
720575940599457990
720575940639754830
720575940644146030
720575940624002604
720575940612124851
720575940620059813
720575940644426184
720575940658428033
720575940616424209
720575940636903024
720575940621670349
720575940622320874
720575940625407632
720575940612847018
720575940612681898
720575940614414539
720575940619019313
720575940608305500
720575940642224013
720575940600547529
720575940632359566
720575940623345043
720575940628876647
720575940621201078
720575940609574468
720575940647285812
720575940608074162
720575940614926954
720575940631072527
720575940638559295
720575940617194937
720575940638252358
720575940618008645
720575940618069721
720575940611250040
720575940623000614
720575940623237267
720575940616236446
720575940632665252
